0 1 0 1 0 1 0 1
1 0 1 0 1 0 1 0
0 1 0 1 0 1 0 1
1 0 9 0 1 0 1 0
0 1 0 6 0 1 0 1
1 0 1 0 1 0 1 0
0 1 0 1 0 1 0 1
1 0 1 0 1 0 1 0

0 1 0 1 0 1 0 1
1 0 9 0 1 0 1 0
0 1 0 1 0 9 0 1
1 0 9 0 1 0 1 0
0 1 0 1 0 1 0 1
1 0 9 0 9 0 1 0
0 1 0 9 0 6 0 1
6 0 1 0 1 0 1 0

0 1 0 1 0 1 0 1
1 0 1 0 1 0 9 0
0 1 0 1 0 9 0 9
9 0 1 0 9 0 1 0
0 6 0 1 0 1 0 1
1 0 1 0 1 0 6 0
0 1 0 1 0 6 0 1
1 0 1 0 1 0 1 0

0 1 0 1 0 9 0 9
9 0 1 0 9 0 9 0
0 9 0 9 0 1 0 9
9 0 1 0 9 0 1 0
0 1 0 6 0 6 0 6
1 0 6 0 6 0 1 0
0 1 0 1 0 1 0 6
6 0 6 0 1 0 6 0


читается только FIELD_SIZE * FIELD_SIZE элементов (между ними может быть всё, что угодно, но для меня пробел нагляднее)
01010101
10101010

0 1 0 1 0 1 0 1
1 0 1 0 1 0 1 0
0 1 0 1 0 1 0 1
1 0 1 0 1 0 1 0
0 1 0 1 0 1 0 1
1 0 1 0 1 0 1 0
0 1 0 1 0 1 0 1
1 0 1 0 1 0 1 0
